1003
1015
1049
1055
1073
1089
1095
1097
1101
1115
1117
1125
2020
4003
4007
4013
4015
4017
4019
4021
4025
4027
5007
5051
5119
5131
6001
6007
6013
6017
6019
6023
6025
6029
6037
6041
6047
6053
6059
6061
6065
6067
6071
6073
6075
6077
6079
6081
6083
6085
6087
6089
6095
6097
6099
6107
6111
6113
8001
8005
8013
8031
8035
8041
8059
8069
8077
8101
8123
9001
9003
9005
9007
9009
9011
9013
9015
10001
10003
10005
11001
12001
12005
12009
12011
12017
12019
12021
12031
12033
12053
12057
12061
12069
12071
12073
12081
12083
12085
12086
12087
12089
12091
12095
12097
12099
12101
12103
12105
12109
12111
12115
12117
12127
13045
13047
13051
13057
13063
13067
13077
13089
13097
13121
13135
13139
13151
13223
13245
13295
15003
16001
16019
17019
17031
17043
17089
17091
17093
17097
17099
17111
17115
17119
17143
17163
17167
17179
17183
17197
17199
17201
18003
18011
18019
18035
18039
18041
18043
18053
18057
18067
18081
18089
18091
18095
18097
18105
18109
18127
18141
18143
18157
18163
18167
18177
19153
19163
20091
20173
21015
21019
21029
21037
21067
21071
21073
21081
21093
21097
21111
21113
21117
21151
21195
21209
22015
22017
22019
22033
22045
22051
22055
22057
22063
22071
22073
22079
22087
22089
22103
22105
22109
22113
22117
23001
23003
23005
23011
23019
23029
23031
24001
24003
24005
24009
24013
24015
24017
24021
24025
24027
24031
24033
24037
24043
24045
24047
24510
25001
25003
25005
25009
25013
25015
25017
25021
25023
25025
25027
26017
26021
26025
26049
26055
26065
26077
26081
26091
26093
26099
26103
26115
26121
26125
26139
26145
26147
26161
26163
27003
27037
27053
27123
27137
27163
28033
28045
28047
28059
28109
28121
29019
29047
29071
29077
29095
29097
29099
29183
29187
29189
29510
31055
31153
32003
32031
33001
33003
33005
33009
33011
33013
33015
33017
34001
34003
34005
34007
34009
34011
34013
34015
34017
34019
34021
34023
34025
34027
34029
34031
34033
34035
34037
34039
34041
35001
35013
35039
35043
35049
35061
36001
36005
36007
36009
36013
36015
36027
36029
36037
36045
36047
36055
36059
36061
36063
36065
36067
36071
36075
36079
36081
36085
36087
36089
36093
36101
36103
36105
36109
36111
36119
37019
37021
37023
37025
37027
37031
37035
37049
37051
37057
37063
37067
37071
37081
37097
37101
37111
37119
37127
37129
37133
37147
37151
37155
37157
37159
37161
37179
37183
37191
37193
38017
39003
39007
39013
39015
39017
39023
39025
39029
39035
39037
39043
39045
39049
39055
39057
39059
39061
39085
39087
39091
39093
39095
39099
39101
39103
39109
39113
39133
39135
39139
39141
39143
39145
39149
39151
39153
39155
39157
39165
39167
39169
39173
40027
40109
40143
41005
41029
41039
41047
41051
41067
42001
42003
42005
42007
42011
42013
42017
42019
42021
42025
42029
42039
42041
42043
42045
42049
42051
42055
42059
42063
42069
42071
42073
42077
42079
42081
42085
42089
42091
42095
42097
42101
42107
42111
42125
42127
42129
42133
44003
44005
44007
44009
45003
45007
45015
45019
45035
45041
45045
45051
45063
45073
45077
45079
45083
45091
47001
47009
47019
47025
47037
47043
47059
47063
47065
47073
47093
47119
47123
47125
47145
47149
47155
47157
47163
47165
47167
47179
47187
47189
48029
48039
48085
48113
48121
48141
48157
48167
48201
48215
48245
48303
48339
48355
48439
48451
48453
48479
48491
49011
49035
49049
49053
49057
50007
50021
50027
51013
51041
51059
51061
51069
51073
51087
51107
51153
51161
51177
51179
51550
51650
51700
51710
51740
51760
51810
53005
53011
53033
53035
53053
53061
53063
53077
54003
54011
54019
54033
54037
54039
54045
54055
54059
54061
54079
54081
54099
54107
54109
55009
55025
55027
55059
55063
55079
55101
55105
55117
55131
55133
55139
56025
