0.10548371475285645
0.09597682595911387
0.14104372355430184
0.10725010725010725
0.2759578542608954
0.15687724635610575
0.11559843206490326
0.12052955866896797
0.04859751975930974
0.17041775071291426
0.1994093684420431
0.10674326304451194
0.12072758491173471
0.07951021706289259
0.18672044215400702
0.1840680066471883
0.19975736787998968
0.1181538908985149
0.21649153813301633
0.1146843790318727
0.16846809302985433
0.1556185594584474
0.08130364588777773
0.1436236240343876
0.08391608391608392
0.10955216639409045
0.09285648393157994
0.3085549051414063
0.10219120856080421
0.15084175084175083
0.12858258114224194
0.32199991218184215
0.18243837176517416
0.21361049200486446
0.07940488749412478
0.06138476353438122
0.10421629347308242
0.059738254540107345
0.12608225858714742
0.06832557662844814
0.1415563915851845
0.14328539545448543
0.037848769400998836
0.12749608243420463
0.20094455423034216
0.13356794042324682
0.12372431394867915
0.0470713143487749
0.13223659143375843
0.0625194722106156
0.10922078253049991
0.14474116383029656
0.0795080496221096
0.11131651658814877
0.10340497821109387
0.06515549358544166
0.120036999639889
0.05560652820641143
0.16258954970723843
0.1098783803298863
0.08068870916685804
0.15583066401177387
0.048686676890868814
0.2208390722434344
0.12241250566157838
0.06764845158576795
0.07995575781400958
0.21196320318792658
0.09493713805216118
0.16416413447902248
0.2913527620802139
0.2026608826155304
0.28164012514617737
0.27425237053245805
0.3261663225859059
0.211755052343202
0.26679977967502067
0.2459574322044078
0.2639199837698187
0.3041983918347703
0.36995170075017986
0.09487810061632815
0.2228575777011969
0.279729939737192
0.2654961793685904
0.3551012734906455
0.29763190614033824
0.12871916217518953
0.4091745793544974
0.10469974967241669
0.16955178166106052
0.1533165048487253
0.16494790945019563
0.11031735619983542
0.1841248394099145
0.0451668044833265
0.4283190737666539
0.36674116096498766
0.138625465498012
0.10357747761196781
0.37937706286277934
0.19845699684949517
0.18889496445792117
0.14303463187983265
0.1249944198919691
0.3892478927282676
0.2771445523529963
0.24876916511402788
0.19515153516705722
0.1318660751126179
0.3099439817035174
0.19875463255843265
0.15148887215436935
0.1851278137538631
0.0946147031248656
0.21084972438928884
0.0968583308542213
0.16136439804873204
0.03578304027023352
0.13499966584241127
0.0711612086019669
0.08915051714053769
0.19687253909326133
0.14853381489559636
0.07606365094500818
0.06102615479284163
0.13527650517658094
0.17968875340927323
0.19836645226559285
0.14728408153646755
0.1319759622407705
0.14188294431882675
0.12474160667189393
0.0623743516665947
0.20928225411401058
0.12374000395968013
0.0883932181713888
0.11817322376554433
0.14435221941537352
0.10383374084520665
0.12653422750854107
0.15634975440059412
0.1313937118723604
0.21824284408053912
0.12972552241548924
0.12178460109834487
0.12658291940718688
0.14138482717565204
0.15362753005338556
0.1696810431468437
0.16281823564239195
0.3428095692842626
0.17818382090906146
0.17013905000541352
0.3016435262990063
0.27680942536093356
0.05397951722682684
0.47147571900047147
0.15586439797376284
0.1493942064926722
0.09166395362436112
0.133223524852243
0.11185535129160032
0.20994306837969234
0.19997273099122848
0.1778864001979953
0.3144824479483739
0.1580799472150437
0.172171367901518
0.2622309897431924
0.20063832712221474
0.5478297513695743
0.14888944427014927
0.23662647685187732
0.09265178678970824
0.5257781516644634
0.1139132360851818
0.09856558089915002
0.06330727469026488
0.13476694108340903
0.2878570984004481
0.4570763733067398
0.16424302914682062
0.6832156684126622
0.3485644483104045
0.37725680409593104
0.27689873417721517
0.441359386911688
0.1397741250139774
0.6972004719510887
0.41026873908998734
0.19099642836678954
0.4910727818363697
0.2903503188269847
0.2146808686318223
0.18528125694804715
0.08726211158444196
0.056258564361806866
0.0747753002228304
0.17671915300075833
0.16377110258894817
0.30468039484746506
0.1532738465107416
0.12206907074919893
0.3781986327762634
0.3550492343452662
0.08281151462260244
0.18878753096115508
0.240763438977412
0.18895376301419042
0.21687526123611012
0.2142146737051488
0.17664723547076489
0.18270907731915953
0.32390412437918376
0.2143143339017322
0.1471475448432143
0.2020264277960971
0.22393815989184615
0.2634941965403212
0.7313195548489666
0.25204726627558155
0.4852349923748787
0.3642147565039606
0.4319961108316707
0.1753405442132141
0.2206899842534714
0.3313743262867557
0.2219333565834945
0.34734703603927447
0.2708817999298894
0.1450038299924661
0.11016771357927238
0.13215145878691567
0.09770222139323367
0.27280227823170894
0.24371935229144934
0.2527019671876215
0.7939296916689443
0.37335025854505405
0.2048808932806947
0.44418652968527234
0.3504411964806975
0.27963549193433046
0.19157561674988877
0.2516080902065325
0.30838476665313597
0.36606855996806636
0.31623375795366154
0.2562259864395447
0.15274900474476596
0.22076488539705214
0.26788504754959597
0.2961222666813504
0.10859649884887711
0.2117680549624893
0.21402309920735016
0.09031834100779697
0.1218224640623731
0.1431419119518195
0.34688209466078157
0.1655753744261308
0.35520883598734654
0.173002398966599
0.10691576163412302
0.0566873339238264
0.1871821802564396
0.3822366483485497
0.1590308986068345
0.37442136179621643
0.08382544651502932
0.0383246384309893
0.14604663918285282
0.1350229076535793
0.12001200120012001
0.055310390056772164
0.18222093149062416
0.2778312068560193
0.14269265969276795
0.0920412628061257
0.1807991321641656
0.10650477940197567
0.0566270654722131
0.12547838634795155
0.28199692720589664
0.22169108732550485
0.13587722480886844
0.10914189285624333
0.4013807497792406
0.15860103653451618
0.18010716376243865
0.2453481490234643
0.5812385197364196
0.04684726889431436
0.06703049328857186
0.21571079722999503
0.19179217664279918
0.1974366146201813
0.2537588022584533
0.22435136062501648
0.11250112501125012
0.4438874732993101
0.1884481296523132
0.31327184411593034
0.3531405970430361
0.335804510112882
0.10647914978528479
0.21367331131311154
0.3391159462903068
0.19061738854177698
0.33810802551415176
0.24720358784009316
0.3283959908322786
0.1268468383425543
0.0802078988738811
0.15093403912964964
0.19950470269618062
0.2332842264710488
0.13643030116988983
0.37468544144527316
0.16537223518294303
0.23645879311431994
0.14381979379837065
0.24557612158122957
0.13318215359141874
0.28138101803652327
0.2629429221821899
0.08869924885741362
0.6993006993006993
0.07041013906002465
0.21526932210345037
0.14545262211408774
0.06151933325994185
0.2047096969197373
0.31740506005098956
0.18023353116109014
0.2548183839881394
0.16218345265401635
0.193566133397629
0.31268796563906687
0.1709927841045108
0.14034349069347227
0.12095163836220832
0.16048638072451576
0.14542783694454645
0.15756807366642048
0.2219514729077532
0.2249232233228081
0.29172404621252096
0.20305371693784446
0.10925563296830747
0.1718907987866532
0.10586981698666212
0.24999212209699273
0.10098537242181284
0.09996546647521765
0.16822708067782574
0.10315659170621003
0.24387253506170176
0.14705685752864267
0.10489077056574267
0.24550146463941971
0.13647436436808263
0.2993233716414736
0.19134047671113055
0.15756716300323012
0.14385634208046033
0.22099718842465838
0.1451589490492089
0.2109178762487297
0.29000918362414807
0.16813042029548156
0.2122163879558105
0.05878280407038261
0.1641943307196826
0.27654229944921993
0.17263537490648917
0.1850609544518726
0.05223295899712719
0.24403771491957849
0.14125431939592448
0.18084144460401042
0.2729514101743757
0.1923734610123119
0.09592596772373321
0.20918168126289954
0.09006642398769092
0.2626021686562428
0.25726597728913125
0.16561027385917104
0.09708480799272746
0.11368076339976174
0.08054772452678212
0.2909514111143439
0.09129866646885289
0.27953962715197317
0.2850424000570085
0.2912352744164373
0.29708174318425923
0.5588856191578574
0.511922603237725
0.4580784348494252
0.2604041085981579
0.44423028898180816
0.25107188381165746
0.46600183737867307
0.14417059313092656
0.24357106818566443
0.1594726770146715
0.2670470063423664
0.2559967232419425
0.3930297775673929
0.4111734189507204
0.42712577211197267
0.2214103841470165
0.47002758147960766
0.3491426351713805
0.3608570136690898
0.24579083200196633
0.23134955789663753
0.363014549241013
0.5967182379305737
0.2346823450942126
0.33941862438480375
0.5697441105799004
0.4935064935064935
0.3708073487274566
0.4599936915150878
0.22623038479731813
0.2596276350866675
0.5478437904867666
0.5549362071101201
0.11902185674096516
0.25103165200847344
0.18148820326678766
0.2919206662659912
0.09983182177716002
0.15431268055480793
0.18008352810452508
0.18975332068311196
0.039209727933500305
0.05542034018852152
0.1650794681734904
0.02973394069862867
0.13003803612556672
0.049761573426633426
0.21530632217655118
0.49781085635708544
0.6918749811990494
0.668940267217746
0.21937648862617282
0.304853590052146
0.31609245864057894
0.41210188014792853
0.690259181189324
0.3459445859672296
0.20336540696323152
0.3362045978877077
0.22132262400103014
0.26305501868786696
0.39758467311085155
0.26429453272364567
0.5499762681473334
0.2079934482063815
0.430142215770089
0.5326293362975314
0.3217853407848723
0.2042711234911792
0.44676610076293904
0.2285575813651221
0.3950907602494445
0.0867694016382063
0.256834908292225
0.08428758925453649
0.2823328972588153
0.23817872667006293
0.32418063344895776
0.4662370397583476
0.29949920946138897
0.3730299356523361
0.5048538087613772
0.19719976336028397
0.5514012907291438
0.2095802985505156
0.2976660551350432
0.16911480479319677
0.30615159553902405
0.11877613074876472
0.16720610541150616
0.12209453169116188
0.132765602329088
0.15133019239111792
0.06503092220350777
0.07928385060039497
0.14235132306532522
0.4343213109058081
0.11879970369956254
0.1440639119900465
0.17092208394716066
0.11720209303404476
0.15258920663564018
0.16245948183161463
0.22387273493468185
0.2253827621046087
0.26547732823616865
0.503825928141827
0.30537251062959336
0.23001725129384704
0.17488887269547476
0.20380967312063966
0.18449256159535748
0.2828704276647278
0.3420062613454
0.13336148742512308
0.3045464433326082
0.07663461636711047
0.24586753413776147
0.14598492786722508
0.11378564852647585
0.1851053334945426
0.19148895427882068
0.1888228009085709
0.1794365691727974
0.22755806654111738
0.06845970233721424
0.14309276176561406
0.10680880187485742
0.0734058922345036
0.07769387548758229
0.11223370708322848
0.06450172418070406
0.08712069677462472
0.052614750747736555
0.11535040721729285
0.10806269727978304
0.020003694800098372
0.09423627389773008
0.08906863893223196
0.06292666526430099
0.14667220146672202
0.0996592743614865
0.10981028162113764
0.11339730831477425
0.11799714594403247
0.030261878733086448
0.10809831687999041
0.2095680757370108
0.12156022549421829
0.06240444319635558
0.16561641622232995
0.11762448074982511
0.2191873208565166
0.18019316707510452
0.06955009780482503
0.19468509685583568
0.07640613637880582
0.2606089562611302
0.17768090877862144
0.26871607459558233
0.18376666533946298
0.054411898068377616
0.11862656795764592
0.11698269719560571
0.18937959245511704
0.15239573014872437
0.13448768597125327
0.16985451591462963
0.19799257527842706
0.26926136711339577
0.2729601478184185
0.2822960075278935
0.16570850327660946
0.07228194087337236
0.10920349965097705
0.13488560305492633
0.05664417263633308
0.16834782285629366
0.1269647799700363
0.1923570146191331
0.05608165488951914
0.6870733318652279
0.9584631252148729
0.22561649707826636
0.1608187134502924
0.5854385466931592
0.5100917628234385
0.29673590504451036
0.6449692399285573
0.6085933379315941
0.20072260136491368
0.21074445478653342
0.4046944556859571
0.8882090251905949
0.4670551008255199
0.5054450213665396
0.07296438953767459
0.17505124484022339
0.14761320797565516
0.2199984540649174
0.10158988164778789
0.3247681428727582
0.1024905196269345
0.2413067689642371
0.0952983270811855
0.10424733424673854
0.14306367086320101
0.07063560269828002
0.12339737657177409
